eval_loss = 1.8169159094492595
f1_score = 0.37673130193905824
precision = 0.422360248447205
recall = 0.34
